7.26 52.51
51.96 72.35
73.56 97.16
99.25 85.16
75.82 75.31
20.99 16.45
12.28 36.94
48.09 35.08
16.93 5.01
51.47 10.98
95.73 12.32
25.68 49.97
86.52 36.94
21.36 5.10
42.53 69.23
76.50 60.45
90.04 1.37
29.60 23.69
23.48 18.75
7.43 8.36
29.44 26.86
81.14 40.15
28.00 82.57
62.22 42.34
55.03 46.31
76.59 39.26
1.38 57.94
43.53 26.55
39.07 42.26
13.14 55.00
82.39 45.02
69.27 35.12
26.52 62.58
11.50 38.46
50.16 21.46
55.13 25.93
73.58 36.93
98.66 26.74
99.06 96.30
29.66 33.81
80.31 40.47
78.48 9.74
46.06 66.47
60.32 98.64
55.78 26.14
90.03 97.90
8.98 97.26
95.08 68.14
32.62 70.29
21.71 37.06
68.06 99.12
25.81 90.89
14.07 25.29
34.61 36.62
87.76 79.32
11.78 62.71
98.12 64.07
20.08 32.41
60.24 73.04
24.92 1.53
23.44 76.19
15.78 13.74
47.49 4.60
99.92 58.78
3.14 60.42
89.77 85.18
79.03 0.45
61.47 93.09
35.65 2.74
10.82 41.55
26.83 87.72
83.85 19.03
9.68 84.69
25.17 83.98
17.14 23.01
27.81 7.31
41.66 54.09
14.95 55.39
38.17 55.92
71.40 15.43
1.03 15.30
22.95 4.48
16.90 95.15
28.74 14.54
18.86 26.47
82.25 86.25
91.70 43.17
73.47 40.28
95.05 71.69
67.59 58.79
21.94 99.65
11.79 63.24
99.64 40.24
0.58 59.40
8.62 50.33
94.07 21.71
68.15 35.97
44.69 72.65
41.29 52.40
63.54 84.74
67.79 0.08
81.63 16.09
89.83 22.24
49.85 73.12
85.52 13.16
9.64 62.51
22.57 68.80
5.91 98.06
27.06 16.78
8.12 62.99
73.80 24.88
21.77 98.01
97.52 52.90
0.84 95.69
88.42 7.00
71.07 86.99
48.44 11.99
30.15 60.09
16.00 67.09
23.78 11.70
8.21 26.62
63.74 29.14
26.63 6.55
63.84 32.63
32.48 39.98
33.81 59.35
36.03 43.80
77.63 29.21
61.07 87.62
53.39 80.25
64.95 76.32
53.49 35.12
39.60 30.89
26.78 75.63
80.06 2.43
3.02 14.66
52.16 20.62
58.44 65.64
12.11 71.54
8.54 63.05
3.33 29.42
6.99 97.68
40.35 92.30
54.04 47.71
26.55 63.41
14.42 88.95
37.18 15.63
26.89 24.40
54.33 10.33
3.58 48.37
34.57 7.87
64.61 77.44
19.21 77.80
44.71 90.33
89.03 88.00
4.57 94.51
78.27 89.50
90.16 72.46
91.47 55.10
12.68 22.71
12.94 77.62
1.46 68.13
58.79 18.14
4.31 42.29
29.17 22.52
98.09 20.01
91.77 83.96
82.56 70.68
17.75 54.90
61.97 94.49
82.41 62.74
13.46 24.36
36.40 15.68
95.87 17.21
9.16 10.19
12.19 15.57
18.06 18.65
75.86 9.38
53.88 76.57
95.73 51.42
51.89 86.13
8.62 32.85
23.57 58.47
72.46 74.14
7.39 82.69
27.45 25.40
76.98 12.80
93.68 14.46
46.45 22.09
25.16 38.42
45.18 18.13
25.14 52.13
90.96 32.03
93.70 87.97
23.15 76.91
80.45 95.87
33.77 21.54
83.58 57.55
72.31 69.39
19.20 87.42
26.61 10.72
46.80 14.02
27.86 65.45
17.64 1.84
45.30 80.03
84.52 98.55
77.05 22.05
48.72 5.75
76.52 26.64
71.87 7.52
93.10 43.09
79.34 39.56
37.28 67.87
87.52 48.42
12.29 20.33
76.92 74.60
82.05 90.25
3.48 8.92
22.16 30.53
54.69 77.30
21.02 79.50
13.54 60.73
58.92 2.99
21.74 86.59
98.50 13.11
60.36 27.62
94.51 26.22
82.57 38.57
3.80 38.33
7.40 32.74
32.88 97.44
24.45 19.61
86.91 91.28
58.68 53.04
89.74 55.81
71.15 34.52
12.91 1.54
84.95 99.44
15.37 52.22
7.62 69.29
4.18 48.49
42.29 80.83
0.91 15.35
4.93 41.14
98.19 92.52
74.03 21.47
66.16 41.77
26.80 43.15
77.90 57.90
62.08 51.59
47.78 26.97
47.26 3.98
11.43 11.98
21.53 62.13
2.94 43.59
56.06 48.34
75.07 19.25
6.22 11.07
45.49 37.44
47.46 59.99
36.54 64.11
12.92 53.88
76.21 15.32
1.35 85.79
42.96 35.95
68.81 4.18
73.17 84.56
15.59 52.97
85.95 67.70
6.90 24.54
48.60 16.53
41.38 10.36
5.50 47.56
46.16 35.22
4.19 2.00
91.20 0.00
86.13 60.87
65.75 97.59
69.82 51.92
79.37 80.26
21.19 34.62
67.10 0.31
57.83 7.07
94.93 23.95
73.99 44.31
13.14 18.45
11.31 37.69
34.84 6.49
51.71 40.37
16.90 53.84
12.59 56.47
3.44 58.21
10.08 36.95
24.28 93.16
41.16 6.38
89.10 68.38
2.92 47.92
22.95 68.56
36.40 55.54
28.73 68.53
47.30 46.85
62.39 3.93
20.43 66.99
49.34 79.99
65.78 40.33
51.01 40.45
21.34 30.87
48.41 68.47
33.42 65.24
41.08 20.17
44.07 16.05
28.07 94.89
1.99 5.52
63.17 38.12
3.19 28.91
29.69 85.83
45.82 99.07
82.27 97.05
9.63 91.54
11.68 38.64
23.31 74.88
41.84 79.93
68.44 37.73
87.31 39.80
21.69 48.06
29.50 58.87
75.11 0.86
90.75 85.94
11.11 66.55
47.67 38.82
12.22 36.41
79.83 84.10
43.69 26.50
88.85 14.55
55.32 91.75
56.32 10.03
78.77 34.81
88.19 2.44
6.93 55.24
95.27 90.38
19.27 78.76
25.30 62.46
90.52 18.64
13.22 15.20
18.85 64.20
86.45 11.88
87.87 97.46
2.75 19.08
83.24 73.37
48.30 29.14
76.63 2.89
48.64 58.55
37.85 12.69
94.30 77.19
49.52 71.77
99.72 30.51
21.77 80.14
80.41 67.83
16.93 9.80
73.16 93.17
48.02 22.72
5.67 71.45
86.55 14.07
18.99 83.35
85.67 58.01
15.25 69.54
24.65 98.17
6.31 96.14
29.75 19.79
25.22 90.96
79.35 2.95
14.34 18.05
3.67 93.74
24.50 95.52
57.64 24.98
72.90 50.16
89.56 23.47
9.26 60.01
7.37 26.15
18.41 16.97
23.37 45.13
49.78 9.75
65.57 5.66
16.30 71.51
90.23 24.52
23.74 69.60
56.16 85.32
77.46 92.26
7.60 7.45
92.70 83.70
13.99 52.73
84.03 80.97
85.63 83.48
78.89 76.04
36.83 56.19
15.49 24.52
92.28 73.54
62.06 62.80
52.90 19.05
79.48 25.54
23.21 58.63
21.14 11.92
65.48 82.64
96.67 67.64
10.46 83.30
80.91 9.58
74.71 91.86
19.76 0.24
84.97 76.92
12.41 1.70
48.75 36.90
55.57 19.67
94.86 56.12
6.07 42.40
82.87 69.93
76.73 91.27
83.81 27.97
43.43 0.39
24.83 96.60
21.17 23.14
57.27 85.02
90.51 23.30
60.52 96.04
90.24 59.41
4.44 96.66
30.05 36.75
4.35 66.61
19.39 63.62
74.08 24.46
58.24 35.16
83.73 89.43
19.81 66.22
61.38 12.46
15.80 62.76
11.40 66.80
24.81 46.84
27.32 39.76
28.30 58.72
34.85 12.24
74.91 29.76
95.18 9.67
68.21 19.99
79.85 98.51
46.22 37.41
34.82 11.93
55.74 66.77
26.44 1.95
28.17 67.75
13.45 93.77
2.81 38.17
0.49 60.03
23.02 29.69
40.37 31.74
61.86 22.63
76.19 86.93
94.81 47.05
76.45 56.98
13.37 18.54
11.18 96.05
27.67 58.87
77.80 70.60
41.23 35.87
41.64 69.80
7.48 5.38
21.06 44.63
40.55 94.05
71.68 64.06
45.16 44.11
78.09 63.92
64.25 5.51
22.71 15.24
95.63 11.52
46.42 70.68
12.82 17.13
32.33 32.91
13.89 10.34
27.26 26.64
45.82 41.74
30.37 54.83
88.07 97.76
27.17 11.83
15.17 26.15
47.30 93.84
28.27 37.69
62.66 57.99
13.94 26.15
27.59 64.12
36.96 70.93
82.12 39.96
19.27 22.54
26.28 20.68
62.72 21.65
86.31 7.96
23.03 22.71
97.98 12.15
86.49 11.03
15.21 43.94
18.27 30.89
37.03 74.58
40.28 67.15
50.46 92.75
94.86 4.01
3.71 93.83
3.05 9.85
28.77 45.07
18.56 76.14
1.73 53.52
18.24 4.09
81.60 61.21
87.19 34.68
92.56 79.45
99.30 3.52
47.52 8.23
2.25 60.66
65.59 97.08
1.42 9.06
66.06 10.35
79.40 14.52
62.05 47.14
19.72 77.30
65.79 12.65
1.98 13.70
27.09 63.53
21.50 99.48
18.65 79.43
13.41 44.95
49.55 32.32
9.30 70.36
37.60 46.07
24.96 51.54
89.69 7.01
1.22 4.44
68.26 54.72
90.04 16.80
62.52 4.79
54.43 69.86
68.47 26.45
66.24 43.92
75.08 37.65
55.13 3.43
26.50 2.05
54.57 49.10
19.43 1.25
23.94 26.49
50.18 17.53
77.35 84.89
36.46 15.65
98.46 14.18
84.02 43.85
10.06 87.57
18.47 2.38
54.62 20.87
63.29 5.92
24.22 76.18
71.86 28.44
26.42 86.74
13.07 25.63
96.68 43.39
67.72 9.99
19.93 51.37
73.50 39.82
55.83 25.75
20.39 61.49
38.20 63.64
19.17 14.47
83.55 70.28
92.23 41.10
98.59 83.55
0.25 99.93
55.85 3.51
20.22 98.71
11.91 29.34
54.43 10.10
31.17 52.36
64.25 54.16
15.59 44.26
2.35 93.50
17.58 67.49
87.93 48.61
0.84 14.99
30.77 5.06
49.30 53.63
44.20 4.72
44.68 20.20
63.58 31.45
12.56 47.26
93.37 66.13
2.10 30.97
88.59 61.78
10.28 11.95
76.96 5.65
98.52 68.94
99.71 60.88
69.91 59.45
55.99 19.00
69.96 33.25
27.04 72.81
17.64 82.35
22.13 59.56
92.81 96.04
5.70 14.47
95.87 57.13
96.52 86.31
84.43 11.24
66.35 44.11
19.38 3.35
5.75 8.24
80.97 25.96
7.40 70.69
8.55 51.64
28.80 69.55
9.18 37.24
67.43 49.00
21.27 29.48
33.48 37.53
84.48 57.70
30.19 92.44
12.75 83.43
77.57 52.77
43.28 98.88
28.11 11.55
66.21 63.76
20.95 98.97
89.10 63.40
73.83 25.72
7.04 50.07
70.27 7.38
51.38 93.26
7.22 66.69
53.73 51.75
73.03 25.43
30.51 99.34
19.54 27.52
58.63 32.48
71.80 13.90
32.35 42.44
27.07 92.69
74.72 14.06
97.19 97.43
46.01 93.81
60.20 47.50
99.69 61.36
59.37 49.84
43.34 87.49
80.56 77.61
13.98 51.14
5.99 75.67
94.01 51.92
52.07 83.62
51.35 21.96
1.87 83.71
74.60 37.99
78.34 34.79
74.24 48.09
51.85 5.79
44.12 21.93
17.31 14.66
26.26 75.85
90.10 7.57
28.84 87.52
28.19 52.27
34.08 68.71
1.88 95.53
24.35 38.56
40.33 88.03
24.91 59.47
5.44 58.75
6.89 35.39
65.22 14.57
99.59 43.37
17.31 91.81
72.78 16.95
64.11 41.53
4.28 84.48
16.14 63.06
20.92 63.82
31.29 18.24
79.25 90.76
0.62 57.88
67.84 29.90
92.74 52.82
91.08 91.65
7.57 18.15
18.44 15.03
49.85 55.16
18.68 50.38
85.66 78.12
35.28 40.23
43.10 99.55
67.42 34.23
6.21 92.07
57.24 96.01
5.31 66.51
20.13 87.31
1.81 62.81
67.76 5.70
13.52 53.44
94.73 65.78
92.96 6.62
12.36 83.39
45.60 98.40
77.20 30.96
64.02 25.28
59.52 72.98
30.98 23.51
99.44 72.68
44.06 8.27
61.74 28.16
61.53 17.46
32.78 28.99
20.08 31.35
8.99 37.88
41.16 94.76
13.87 85.14
16.73 51.45
44.10 77.51
89.35 32.52
36.97 47.59
74.55 4.10
15.05 5.50
0.32 33.01
17.22 3.45
0.82 24.87
82.97 7.23
62.42 10.21
26.42 42.43
29.76 84.07
18.02 45.88
9.98 72.71
76.56 53.66
93.70 62.48
27.65 43.55
69.17 2.89
9.93 35.72
99.09 95.62
68.32 47.96
47.19 11.02
43.09 86.13
7.29 76.02
11.10 6.26
49.36 57.97
98.72 10.29
47.89 7.13
1.32 58.26
5.50 84.97
54.74 31.24
26.02 87.46
29.33 19.83
52.04 18.23
13.44 97.49
62.19 63.43
27.43 58.04
46.57 86.90
87.85 53.28
64.67 50.77
60.91 1.17
87.21 20.34
42.09 15.84
78.87 24.60
23.93 23.43
19.79 3.29
42.73 6.13
3.20 12.08
57.06 9.15
28.42 89.01
53.32 24.99
20.42 9.06
97.41 74.87
24.60 47.13
12.36 76.50
6.16 76.07
61.15 4.68
92.06 86.35
65.08 98.36
14.46 15.44
3.22 81.93
85.42 18.15
95.63 22.58
29.81 49.21
15.73 89.51
12.32 72.11
13.19 49.35
73.06 44.27
52.58 12.75
3.30 41.53
38.32 17.31
79.99 6.10
37.47 21.67
3.51 80.73
81.69 97.77
6.09 41.18
42.78 38.82
69.19 66.44
1.70 97.77
53.13 5.02
51.81 92.67
24.30 70.82
82.09 74.63
34.43 63.37
8.87 67.46
66.57 49.41
20.52 31.63
49.46 43.63
12.53 21.51
40.04 57.63
11.36 9.99
3.29 84.30
26.21 91.28
33.74 42.16
26.94 32.60
24.75 40.54
81.07 25.59
80.75 90.18
37.52 16.29
78.53 26.28
6.83 9.94
11.13 41.07
63.85 65.30
37.51 91.00
95.20 21.06
99.00 72.98
6.66 59.26
32.23 54.47
95.68 1.01
20.59 74.98
25.81 83.94
39.01 54.74
43.89 32.04
21.61 53.94
34.78 7.36
66.71 92.45
28.62 3.33
67.96 16.27
89.33 3.20
9.83 60.77
74.36 46.33
18.25 46.06
25.58 25.82
17.12 43.94
73.34 77.19
94.78 24.03
75.21 9.30
5.25 56.82
94.61 3.28
48.70 59.95
34.59 19.91
75.39 69.96
98.01 92.17
63.85 93.51
95.78 75.49
19.46 58.77
25.14 43.17
69.85 53.26
59.25 18.24
86.55 65.91
39.91 38.16
0.22 22.51
95.86 66.86
20.20 38.53
84.51 39.73
76.67 80.12
58.45 99.00
23.67 66.40
91.07 96.24
32.15 9.96
59.76 51.38
51.43 45.73
74.97 49.56
77.09 34.34
31.89 73.38
39.47 5.41
83.80 22.07
4.36 22.33
58.54 98.45
40.26 57.23
6.45 89.29
26.72 32.78
5.66 73.34
35.00 82.66
42.44 72.09
74.39 87.65
73.97 45.33
88.87 64.92
37.53 40.32
59.09 58.52
73.20 28.77
62.19 68.44
24.28 86.92
98.16 21.81
39.51 1.91
64.55 97.49
5.65 9.02
98.92 54.96
36.29 44.61
3.21 19.13
94.44 23.80
98.65 84.23
53.55 55.52
46.91 97.55
51.15 65.44
86.16 13.69
45.98 5.62
0.72 15.89
32.95 72.15
79.14 21.04
75.80 48.04
79.55 9.47
85.87 31.14
89.21 40.83
15.87 25.85
9.52 24.86
47.96 64.57
64.21 59.17
29.78 80.73
55.69 62.74
23.42 56.35
35.20 89.56
18.45 53.43
43.78 46.56
78.37 20.08
40.66 38.82
9.90 63.64
59.09 25.89
3.17 24.71
44.69 20.23
70.71 75.38
67.11 48.40
0.83 55.12
26.18 45.97
11.68 75.78
5.05 62.16
31.22 19.71
78.91 22.18
19.67 22.38
12.09 14.12
15.35 54.47
27.27 23.38
45.07 31.51
64.38 45.05
10.61 95.56
91.37 7.79
49.53 62.88
87.27 3.92
3.22 65.29
18.57 24.55
86.07 23.77
82.93 80.06
93.04 71.27
13.54 38.70
56.44 18.62
24.44 65.54
51.00 74.28
62.42 14.01
34.70 62.77
71.66 92.50
19.78 52.41
51.09 81.52
17.21 30.99
85.60 60.46
63.84 12.44
26.58 21.24
55.91 36.16
53.88 66.27
24.30 46.63
69.57 23.34
40.98 76.62
48.61 74.97
6.37 15.27
20.75 51.74
20.60 69.18
44.53 59.34
94.61 57.74
79.93 21.17
44.08 6.04
48.10 80.33
16.05 6.09
58.93 91.80
46.54 8.06
52.85 25.52
37.43 73.55
17.95 6.74
1.71 86.88
5.78 82.18
99.45 77.68
45.06 68.66
94.71 18.51
33.95 19.25
68.29 76.91
74.45 80.59
5.89 42.65
92.77 53.06
62.49 92.56
3.22 27.66
99.50 79.86
2.17 0.44
86.40 44.27
63.90 82.91
89.42 68.19
49.16 81.81
17.52 81.59
12.39 26.29
37.42 34.50
33.59 11.52
43.30 56.72
65.44 4.65
83.84 23.79
8.00 6.08
2.77 10.34
98.25 77.39
78.70 3.34
83.84 71.60
66.83 43.19
36.12 2.97
15.72 39.99
63.95 61.77
17.14 39.25
23.29 60.22
62.25 69.24
96.83 74.95
91.40 19.17
79.55 95.36
92.26 5.39
14.20 32.44
78.08 17.73
78.65 8.26
91.91 3.21
22.57 46.75
26.63 46.87
59.18 92.11
97.64 5.40
61.10 37.18
79.52 99.68
74.18 69.41
5.13 75.46
36.69 41.61
25.96 95.38
94.62 45.76
6.26 82.39
19.14 52.37
71.22 37.55
85.63 89.32
41.60 87.87
2.78 26.94
99.96 24.03
64.20 11.22
40.70 40.50
28.23 88.77
44.41 59.46
23.36 9.96
45.81 34.18
64.30 53.83
57.29 8.63
39.69 95.28
51.04 95.05
28.63 24.04
17.32 57.06
28.55 8.33
18.73 94.04
51.57 95.77
45.63 7.87
33.50 5.97
72.82 5.05
23.32 52.14
3.89 51.93
14.28 28.96
86.45 37.82
67.41 36.49
92.68 57.41
22.68 12.80
40.29 94.95
25.18 15.85
37.73 55.72
51.01 71.76
75.06 86.77
28.07 19.39
91.71 96.08
17.55 40.77
10.41 14.81
64.06 0.81
19.33 2.63
7.65 3.00
17.70 51.73
31.88 24.70
53.31 21.62
75.02 85.93
93.12 6.67
89.34 6.43
78.45 60.47
20.13 70.89
84.76 4.04
89.48 74.21
7.89 6.16
28.77 26.42
75.30 30.82
10.85 73.88
21.36 1.54
4.69 99.65
7.95 69.58
75.53 36.14
85.04 73.35
24.00 20.99
34.09 38.44
78.30 12.34
82.45 79.73
98.86 5.01
38.14 50.58
41.96 2.22
88.47 47.81
20.02 20.11
22.46 25.49
83.77 10.02
82.22 13.88
30.10 88.30
86.40 41.07
58.93 9.46
75.31 32.21
58.82 81.41
93.21 71.46
75.03 5.04
78.92 69.41
56.74 85.88
75.61 48.71
45.10 0.31
14.03 67.49
78.43 8.48
84.59 99.52
62.57 41.13
71.11 86.28
70.53 57.01
87.69 44.19
2.32 27.46
80.82 54.58
9.16 94.00
61.27 98.28
94.49 93.86
21.70 49.90
59.11 60.93
98.35 76.76
35.16 3.27
45.13 59.22
59.28 13.86
55.23 54.28
25.11 81.69
98.84 85.22
80.78 23.30
51.91 12.94
13.30 21.57
82.95 16.72
83.58 87.32
34.51 56.76
39.00 26.11
61.60 61.46
5.58 79.37
13.02 24.39
18.76 0.79
0.87 53.78
24.40 43.37
61.02 19.46
53.53 28.75
0.85 69.34
39.17 68.07
52.25 81.96
97.55 78.12
49.30 3.98
69.51 64.00
42.29 96.09
25.91 76.25
63.32 53.44
8.54 64.48
59.38 98.90
89.91 3.51
8.07 1.83
31.49 22.84
34.02 36.08
0.40 17.27
81.84 89.43
30.58 29.29
95.04 14.21
9.70 65.98
99.77 4.59
77.93 73.08
91.74 38.43
59.95 39.72
16.25 50.40
70.01 13.60
10.29 18.91
74.61 21.58
96.72 63.12
72.45 96.84
84.09 90.48
22.59 20.12
32.79 33.12
63.40 36.02
92.03 84.01
74.80 91.96
68.22 60.57
43.30 82.33
78.45 17.31
88.57 39.17
51.32 13.70
4.77 15.16
44.09 31.40
69.25 30.77
32.19 72.61
52.01 84.01
37.23 24.96
47.40 92.75
96.97 35.50
69.56 19.06
88.10 83.28
60.61 0.77
13.12 16.79
78.99 16.63
75.79 39.19
91.19 7.48
41.11 69.18
17.23 86.98
72.22 83.95
29.93 89.39
38.39 29.73
64.49 32.42
41.82 65.54
17.13 45.47
86.94 96.18
87.55 0.25
33.57 15.30
39.21 19.70
79.20 99.57
49.56 36.53
90.22 66.56
62.29 43.12
10.49 34.85
24.59 93.31
83.86 7.86
55.43 66.01
63.88 70.74
44.68 53.51
34.76 11.17
78.44 81.89
56.87 79.24
51.66 58.54
39.57 11.68
53.08 30.91
91.17 10.43
43.08 59.72
61.37 62.54
11.41 99.45
25.94 76.21
50.61 89.42
29.03 35.04
76.56 67.10
98.83 51.71
33.96 60.49
86.04 44.49
76.03 60.49
57.87 40.92
47.44 91.61
94.97 4.64
4.37 37.51
59.99 60.01
98.85 22.60
6.57 1.62
35.41 67.77
40.19 67.91
97.93 15.40
18.52 25.73
39.16 9.39
58.02 20.88
69.51 40.64
88.07 21.10
86.62 5.34
82.67 1.95
11.60 88.19
49.45 37.79
10.30 42.15
21.26 6.47
7.33 7.96
4.00 75.86
46.23 49.57
13.63 4.44
65.02 19.32
85.54 68.49
59.47 64.47
70.19 63.30
22.78 27.63
77.08 7.96
74.31 67.72
20.93 58.23
59.73 21.80
2.78 72.34
20.05 68.42
24.51 17.09
10.21 0.36
92.61 44.08
15.45 28.96
92.90 44.74
1.57 61.75
79.44 35.56
30.36 69.55
61.02 39.19
78.01 1.55
39.39 44.99
73.56 92.21
3.95 59.45
3.28 1.63
98.55 8.52
8.59 11.77
99.25 34.35
72.69 3.09
33.76 10.34
2.04 27.92
93.93 67.62
36.14 66.60
27.34 99.82
15.13 44.39
25.46 17.92
9.04 88.87
22.12 28.11
50.87 78.22
15.33 2.82
60.25 21.69
75.08 91.84
27.51 16.27
5.89 9.86
66.52 21.19
4.98 34.74
63.03 78.69
84.95 88.69
20.81 31.88
61.80 62.47
92.08 18.98
27.75 33.33
57.86 45.52
22.48 9.24
15.42 63.14
97.21 33.05
16.80 11.65
59.18 6.88
98.83 53.21
12.49 42.72
59.32 50.73
6.18 5.66
32.12 68.40
92.76 43.38
31.18 1.99
3.87 53.03
43.86 61.25
29.09 94.47
90.01 18.46
81.50 13.26
80.74 66.86
44.09 48.61
37.96 30.64
10.76 83.46
4.21 31.78
45.71 41.18
69.87 44.92
8.80 95.20
85.69 5.13
96.49 31.60
77.08 50.76
24.66 84.70
78.86 21.67
4.61 19.48
5.23 28.72
7.27 76.41
86.10 19.57
92.05 23.20
23.02 11.85
67.50 7.44
12.70 16.07
56.83 88.69
40.50 20.31
23.64 20.71
15.19 68.79
44.53 45.45
81.16 43.08
28.41 15.97
82.14 33.29
81.74 18.70
71.45 71.42
7.05 7.90
2.80 17.01
46.43 22.65
56.39 79.53
27.89 20.65
36.06 91.12
94.07 50.12
47.77 95.23
33.03 10.91
71.74 60.27
99.20 69.16
55.66 17.90
80.17 72.02
9.12 94.74
74.16 49.95
7.79 88.09
27.51 0.59
61.78 9.82
9.57 21.92
12.05 59.68
95.84 93.25
45.73 41.48
19.61 37.86
8.71 34.39
69.36 95.16
49.18 35.32
47.47 79.13
25.62 60.59
50.41 67.99
2.61 87.23
20.20 80.21
67.60 66.65
86.78 20.34
36.73 58.89
25.38 43.48
32.16 80.05
53.03 23.72
28.19 17.32
92.57 84.17
74.62 31.96
98.16 31.14
1.02 87.63
45.57 88.56
5.68 85.94
15.05 30.34
65.09 2.20
27.45 68.59
44.74 24.45
25.44 44.33
44.05 35.34
7.07 74.31
10.10 31.76
24.98 38.86
29.59 51.35
69.01 2.72
92.60 17.78
18.06 60.21
23.52 65.76
91.34 58.17
95.60 44.44
55.46 41.57
41.76 41.32
72.79 21.72
11.91 42.22
0.19 22.74
76.78 75.88
92.47 65.84
45.77 63.07
4.26 21.47
66.50 14.22
46.63 10.06
60.98 78.80
5.46 96.69
17.22 11.54
51.90 85.48
84.73 99.05
69.15 57.10
37.50 16.51
74.70 27.70
20.72 2.44
62.50 61.71
53.72 16.76
33.34 17.04
34.95 13.23
27.26 27.31
87.48 59.13
20.06 4.21
29.28 20.71
52.92 83.22
53.09 94.01
46.70 60.17
30.60 20.72
48.36 88.39
72.22 22.27
48.63 5.16
73.97 89.34
7.62 23.42
70.30 15.18
6.08 35.97
96.90 67.95
80.47 51.19
56.13 4.87
97.87 3.00
98.22 23.26
75.41 73.80
17.13 20.14
53.73 91.76
69.61 37.53
73.82 30.55
80.90 46.33
6.97 98.82
42.61 50.52
80.93 42.98
20.05 83.20
73.34 78.24
57.47 70.01
38.83 5.49
51.09 69.76
40.93 44.11
47.40 12.62
48.68 95.40
27.33 62.49
75.64 26.57
61.68 23.98
87.04 23.98
58.16 76.00
76.05 28.60
4.18 90.71
88.59 66.87
56.17 43.17
50.07 8.57
38.33 25.57
27.40 69.34
10.67 93.09
24.04 2.02
24.57 89.02
9.29 30.96
44.43 20.81
12.01 30.77
45.60 73.24
51.94 20.43
13.68 64.14
6.82 78.90
15.06 5.67
14.50 14.52
91.54 27.63
92.83 66.88
67.74 14.88
4.34 11.79
15.92 69.02
18.96 71.05
11.74 99.11
16.21 64.09
16.49 60.47
4.06 34.98
56.03 80.30
20.93 72.32
44.52 1.55
19.52 53.96
27.50 92.91
3.40 61.39
9.44 79.39
27.47 2.22
42.08 47.62
16.27 40.90
7.57 1.94
66.74 82.32
59.07 35.92
99.91 62.08
6.64 1.70
89.95 62.01
6.47 86.50
79.51 60.36
62.75 6.24
48.31 67.14
44.94 96.36
33.12 11.23
97.46 79.16
4.46 11.13
92.00 96.82
59.93 37.73
13.67 6.50
50.01 14.48
50.96 94.27
30.24 92.83
82.32 30.35
94.06 26.83
89.33 51.92
90.99 21.27
67.80 17.17
52.00 51.65
22.02 6.33
31.59 51.49
13.61 90.22
32.84 99.31
16.30 64.97
92.84 94.66
32.73 35.25
3.73 10.63
12.29 87.65
76.22 80.28
36.72 14.82
48.49 81.18
92.85 93.77
51.74 92.42
74.16 45.13
30.98 88.19
36.89 59.55
42.87 42.55
30.93 58.43
1.66 19.94
92.66 73.26
77.94 49.39
67.54 23.32
21.43 50.70
2.17 3.68
1.63 76.66
95.06 6.06
43.88 52.04
56.46 92.61
18.98 94.83
55.99 49.57
10.30 11.25
1.97 22.18
88.82 0.82
26.78 22.89
13.87 90.72
77.63 16.98
83.65 23.27
91.29 88.39
76.62 34.46
3.25 4.04
31.02 34.84
69.88 48.32
95.49 47.80
98.50 3.07
27.66 50.19
2.49 17.12
56.58 58.20
97.80 23.73
69.04 43.34
48.92 22.24
41.71 93.80
23.63 65.48
39.16 38.29
9.19 41.41
56.75 81.49
49.37 96.80
49.76 19.08
16.47 13.03
87.90 52.05
33.11 9.24
18.18 8.50
90.21 44.67
50.40 3.18
28.47 23.16
71.60 98.51
4.79 60.73
9.75 31.18
34.24 6.85
79.12 0.15
69.16 20.54
90.84 20.53
70.21 36.45
20.96 38.89
94.43 81.88
74.94 57.53
8.70 58.55
47.11 75.77
10.77 94.69
24.64 12.53
32.30 25.84
62.34 67.70
44.54 8.19
1.10 69.33
19.63 58.61
43.60 42.84
34.16 1.88
60.27 27.80
2.01 51.55
40.86 87.47
89.12 2.14
52.06 4.47
41.83 55.57
65.72 86.30
70.79 29.19
81.44 89.36
43.44 83.53
95.58 80.57
78.02 34.00
23.52 66.91
58.12 1.63
33.48 73.32
99.14 99.40
87.99 16.36
4.52 17.05
11.14 86.34
90.21 3.66
39.33 69.91
0.26 68.21
41.45 2.75
36.60 58.80
36.90 11.98
19.59 94.38
48.05 78.18
2.43 0.77
9.41 74.71
34.58 73.92
99.73 9.91
74.12 82.01
10.89 46.76
88.72 9.67
94.29 13.02
2.44 26.51
98.43 50.73
30.62 66.16
19.51 16.06
61.88 21.38
4.05 40.17
24.97 58.32
12.62 19.15
30.01 26.04
22.06 80.33
29.75 4.51
9.45 43.89
39.48 84.16
18.16 16.35
16.75 97.18
30.54 17.99
17.87 93.34
60.32 80.61
30.77 20.85
5.89 0.89
15.34 37.30
20.58 36.56
19.67 93.99
32.25 1.18
88.03 92.93
60.10 91.21
30.89 24.21
79.86 22.54
52.27 67.56
12.92 86.99
74.30 76.78
20.94 63.09
98.99 64.71
25.25 40.75
94.37 94.78
84.35 49.47
8.44 20.26
82.72 45.23
70.33 94.10
38.38 22.58
63.47 11.76
8.42 34.64
21.13 54.85
61.28 49.15
95.29 14.83
50.62 40.35
25.93 36.70
71.96 55.45
12.60 39.09
90.41 76.83
21.67 52.16
71.78 48.43
56.92 38.82
94.39 30.10
84.06 25.45
12.54 54.63
58.31 13.80
93.49 74.68
34.79 75.40
64.82 55.30
0.30 35.81
45.25 77.95
87.39 94.63
95.52 41.21
68.21 42.17
94.61 43.66
36.42 3.65
18.17 74.35
46.95 99.46
18.07 74.93
29.92 73.57
97.05 7.64
89.60 2.17
66.43 39.90
85.07 55.85
79.36 73.24
52.49 78.28
63.13 82.75
97.98 86.97
64.34 11.82
62.72 92.90
45.91 26.58
13.60 78.61
6.64 15.14
24.37 35.84
68.57 72.60
72.77 25.74
39.65 37.23
34.06 56.32
47.64 6.38
8.68 40.29
54.58 91.22
41.39 0.21
12.18 12.91
20.48 68.82
28.91 42.41
80.35 65.13
4.74 37.04
23.99 63.51
98.07 14.72
77.74 30.31
46.92 91.19
28.70 15.63
76.60 10.35
11.12 99.85
26.81 14.69
21.23 74.56
17.93 53.46
43.88 42.18
97.29 91.08
96.58 52.45
0.50 8.72
20.39 70.61
62.35 89.37
0.33 8.20
41.83 62.29
27.61 64.69
34.17 80.22
37.31 23.33
66.53 66.92
72.24 77.31
62.89 14.49
6.48 67.85
57.64 4.86
79.56 82.67
37.25 4.36
19.16 41.12
68.15 70.21
41.80 3.67
17.72 6.99
88.12 91.96
37.35 58.41
9.59 58.75
97.59 64.41
17.08 2.99
56.57 2.86
11.56 88.15
56.44 86.04
82.43 86.49
67.39 18.60
27.71 38.08
30.86 4.36
59.97 12.20
9.39 86.94
1.61 24.22
28.36 60.88
67.13 85.10
44.88 4.28
2.00 70.16
1.42 5.29
10.00 82.86
71.58 42.41
38.29 42.04
4.99 63.32
62.92 15.51
46.31 79.26
10.33 52.00
7.81 17.88
31.27 17.12
24.13 19.65
5.84 19.40
31.79 86.46
40.63 59.70
57.77 57.10
70.52 39.16
79.18 84.20
64.65 9.90
97.26 65.82
21.31 14.27
3.01 0.19
40.67 58.68
26.63 88.99
9.09 61.31
5.45 25.49
7.20 26.05
56.13 12.73
58.55 69.58
51.77 28.31
63.12 61.94
74.82 74.72
85.15 16.25
61.36 91.64
97.73 5.14
24.73 53.95
16.86 34.99
86.58 98.00
31.91 76.88
1.39 61.30
20.72 30.10
47.39 10.61
30.09 38.58
99.23 66.57
51.19 82.38
9.03 61.54
12.58 56.67
0.27 98.64
41.65 62.12
20.03 20.95
77.17 91.38
78.22 71.37
23.89 72.29
61.07 39.55
4.09 22.02
41.39 10.37
1.62 43.41
26.49 93.50
48.82 17.68
25.04 54.55
62.56 58.68
21.25 87.35
73.58 10.56
71.49 43.35
40.09 47.76
24.23 19.27
5.13 82.47
87.41 55.61
1.05 49.13
1.10 55.15
3.53 92.42
50.56 61.71
78.59 58.11
60.29 31.18
8.11 83.42
21.32 33.70
3.46 26.55
75.37 9.82
98.84 8.94
86.63 7.02
50.96 54.35
84.61 8.90
24.24 66.33
87.42 27.85
22.03 54.06
78.30 94.98
17.03 88.17
38.25 30.76
82.74 79.73
7.90 55.91
3.87 46.93
81.25 34.02
10.44 79.68
72.29 97.50
19.96 11.28
93.93 16.11
49.06 1.01
8.76 76.66
11.40 60.31
1.86 9.95
47.85 85.88
33.52 90.63
48.67 55.75
74.63 27.36
15.61 85.62
25.41 9.04
38.59 21.09
20.45 96.87
24.40 21.99
65.20 0.41
47.41 78.76
30.12 97.76
7.27 34.07
45.88 1.50
11.63 45.14
76.72 79.73
26.91 25.97
21.58 21.22
87.64 88.03
7.61 51.27
66.06 1.79
82.81 79.45
10.59 37.49
26.03 36.57
73.56 12.27
21.23 26.79
15.20 35.94
9.67 35.07
2.79 20.81
42.13 71.50
48.86 30.98
74.16 43.37
50.35 65.90
77.27 85.71
57.39 24.30
18.23 68.97
54.98 26.07
47.06 92.81
41.71 29.50
7.51 51.13
28.89 74.92
4.44 10.94
80.86 36.83
80.18 94.86
83.21 83.38
40.64 77.61
53.57 74.38
34.11 35.34
41.27 35.22
93.96 64.50
32.56 33.27
48.33 64.55
1.33 77.27
9.77 66.98
60.35 76.87
79.86 11.49
76.39 44.59
20.54 62.39
80.76 9.51
50.06 61.52
55.82 98.83
26.12 19.93
24.39 22.94
1.91 46.11
65.52 18.31
17.31 40.88
83.63 74.71
45.20 5.75
56.06 29.07
4.12 11.95
90.75 78.09
74.19 99.98
6.37 10.80
27.50 27.46
2.53 0.77
77.77 58.49
42.94 37.47
24.90 90.69
11.18 81.39
11.43 94.50
76.30 92.85
34.62 7.23
87.64 82.46
6.19 44.02
57.51 93.06
49.58 2.20
63.70 61.07
71.71 71.88
34.93 56.34
41.90 99.99
1.92 31.50
82.62 9.85
26.57 52.19
87.93 1.97
42.64 73.17
18.88 72.26
86.49 63.73
74.77 20.44
89.78 64.43
72.50 3.77
59.02 35.73
0.92 59.74
5.85 44.78
14.40 10.80
54.77 63.54
32.61 55.27
24.28 96.65
16.98 95.67
31.43 6.11
7.77 74.98
98.70 68.11
96.68 10.19
79.37 1.43
18.94 12.60
69.51 74.94
7.74 37.70
56.68 89.15
16.16 15.67
67.36 77.61
94.36 11.68
29.02 8.00
37.79 71.44
27.78 82.23
38.71 41.33
69.59 17.22
46.26 6.10
55.12 82.46
67.30 84.37
97.89 31.30
34.60 24.89
74.41 14.72
63.98 54.55
78.57 95.65
60.97 20.96
32.63 99.01
19.83 42.46
8.16 75.55
9.53 35.80
4.82 31.36
38.76 11.23
40.51 24.48
89.89 0.86
21.90 61.89
41.71 54.56
17.03 44.31
13.80 90.69
86.33 86.25
43.38 19.02
40.13 24.74
87.27 18.73
81.90 22.50
49.11 99.37
2.35 6.91
52.22 27.77
43.64 78.19
13.54 98.07
3.29 94.07
11.37 39.98
77.19 43.13
80.93 8.84
37.49 13.97
90.23 35.50
55.26 10.73
64.27 96.49
54.87 94.59
71.63 16.59
18.92 91.03
29.02 34.64
36.78 8.41
56.50 18.97
11.36 58.64
20.23 12.18
87.46 2.36
8.06 57.95
78.05 36.98
34.51 35.93
64.32 24.05
94.54 32.38
10.10 83.42
67.36 80.63
12.97 95.19
4.52 14.28
26.34 10.93
56.43 28.85
51.70 41.25
65.34 0.83
70.93 27.36
38.45 58.28
82.21 91.37
74.29 19.79
5.02 28.31
57.38 8.24
17.59 40.86
98.97 8.12
3.23 46.03
81.85 48.79
47.29 9.83
28.74 3.73
10.32 17.95
16.71 90.87
74.71 32.22
7.93 73.90
19.57 13.07
91.64 86.37
64.12 30.30
18.29 16.64
17.55 48.40
54.60 26.47
32.44 24.01
0.38 20.07
93.62 69.66
14.71 51.31
33.44 32.03
73.34 41.35
83.58 66.58
45.29 13.26
48.45 63.01
93.47 86.28
94.94 46.24
80.99 47.10
97.09 81.63
45.26 97.84
26.28 2.62
75.04 91.99
31.33 32.62
9.59 79.37
36.07 61.11
89.05 22.18
79.02 82.50
19.67 75.69
27.00 57.70
66.09 6.18
47.56 80.89
17.40 50.52
96.65 76.08
85.46 2.45
15.46 35.03
29.69 38.85
37.68 42.73
89.98 34.49
24.11 19.08
62.03 72.33
36.58 84.31
95.03 23.72
6.66 2.93
7.65 75.14
28.02 21.62
80.80 74.19
17.08 88.03
44.45 43.66
64.77 70.50
44.81 42.76
30.17 73.46
15.33 17.98
64.81 94.56
31.51 67.31
7.98 18.35
7.07 22.07
52.35 49.58
94.33 91.21
54.06 62.19
12.57 17.24
69.91 52.02
51.88 11.77
61.72 24.50
91.65 62.58
73.64 26.87
31.93 31.29
77.94 34.77
42.90 22.66
16.53 30.36
64.82 4.47
22.86 47.97
91.02 43.87
19.45 58.27
71.04 71.29
46.24 67.09
12.90 27.02
42.52 99.71
19.60 24.76
1.25 40.63
62.29 96.32
65.72 16.63
52.81 15.02
72.15 67.04
94.73 60.19
8.29 68.77
60.55 88.28
68.35 63.35
57.16 45.17
42.13 68.87
70.03 38.92
95.61 34.67
94.80 21.68
3.85 6.53
84.97 47.32
42.79 24.66
56.60 43.04
17.74 46.89
63.53 69.22
24.22 56.26
22.41 2.32
51.37 2.50
94.79 17.05
31.40 57.88
18.05 53.25
86.56 30.89
69.31 42.03
29.61 92.20
30.68 27.54
46.14 88.39
26.81 41.93
53.14 64.34
71.78 48.42
46.90 37.26
8.65 97.48
5.29 71.00
2.18 40.65
8.24 98.35
4.41 45.12
41.70 79.78
72.50 4.52
31.67 95.62
52.30 12.20
63.03 77.20
89.88 18.44
57.46 62.98
12.39 71.71
97.18 23.76
74.31 77.98
4.64 98.37
10.50 4.06
46.14 17.73
68.84 3.58
92.60 69.53
4.05 99.76
88.61 87.53
26.98 82.88
18.37 5.38
7.90 9.36
70.37 37.44
38.75 88.06
49.43 11.33
59.07 55.79
16.42 11.15
72.28 78.69
65.92 31.91
79.87 4.55
20.30 85.50
64.88 11.67
96.99 75.64
96.83 64.25
76.53 5.22
74.21 9.06
83.37 59.60
85.79 21.76
24.17 3.24
57.50 83.84
67.87 99.29
72.70 96.95
22.79 55.72
43.04 45.01
29.21 52.03
77.65 87.51
60.96 73.59
19.01 33.00
9.82 50.35
35.96 5.55
69.54 84.13
76.20 23.63
14.58 48.77
13.39 65.94
45.96 70.51
51.03 83.78
26.79 56.06
9.19 70.97
87.89 69.22
88.59 63.60
71.88 80.90
25.51 97.50
44.06 19.19
84.60 17.09
26.05 73.75
35.43 35.90
74.43 96.49
91.90 59.29
23.45 37.44
78.96 14.48
10.70 90.06
93.49 47.32
91.39 12.59
85.26 9.59
53.72 18.30
24.86 13.24
94.81 97.79
50.57 7.40
32.86 14.38
1.23 16.35
36.48 27.67
14.69 6.58
57.69 86.39
49.56 85.58
0.30 36.57
76.18 40.56
97.67 50.60
0.64 81.42
5.74 18.57
50.76 45.23
38.92 90.56
92.40 81.87
50.08 0.71
13.07 18.41
50.33 16.85
60.85 36.92
10.78 12.68
98.61 14.15
56.20 46.54
74.36 91.84
14.33 58.90
31.83 1.08
73.50 23.42
85.21 2.17
65.14 25.43
88.64 21.63
87.88 73.11
18.01 4.91
40.97 61.74
78.70 15.41
34.47 94.52
24.63 87.85
14.49 48.06
0.55 11.17
83.48 69.19
5.44 31.93
2.89 35.85
50.49 25.87
47.57 45.40
1.51 28.51
60.69 58.70
31.94 27.85
21.65 90.99
36.18 9.98
21.95 99.35
46.25 0.89
66.00 42.50
95.39 87.31
19.67 37.88
11.63 6.21
78.81 12.17
78.87 7.20
9.92 72.94
25.19 0.76
16.58 80.61
28.50 60.86
17.76 62.61
29.87 91.96
59.36 34.86
12.26 16.83
26.39 78.43
47.65 44.03
29.95 4.56
17.52 73.28
49.61 21.90
0.74 63.81
58.10 15.89
27.70 72.76
75.16 49.78
26.74 95.29
36.94 86.41
59.07 91.76
2.19 27.81
81.69 31.96
52.10 50.21
63.93 26.66
28.13 93.29
47.92 87.00
81.78 68.62
87.74 48.26
95.75 41.65
25.23 21.50
35.37 58.67
54.24 14.31
44.94 64.69
31.37 51.93
35.45 75.06
83.05 61.31
14.06 74.37
19.83 60.25
93.74 92.83
78.16 71.22
62.93 1.62
62.20 0.29
64.27 98.91
16.69 6.88
83.76 12.73
75.58 0.49
56.60 1.38
74.73 26.64
89.09 17.74
3.80 96.84
43.22 96.69
87.24 46.37
49.28 13.42
65.14 6.83
10.11 28.70
55.81 36.05
34.71 90.53
21.77 10.36
79.91 3.83
11.98 8.25
7.50 24.81
92.36 22.60
82.84 70.51
30.06 41.35
0.99 55.41
86.52 1.46
89.47 84.05
72.37 16.00
82.66 2.48
33.24 85.38
69.76 89.42
77.79 9.54
81.63 93.55
80.29 44.35
73.90 68.11
50.49 59.03
22.71 58.62
76.92 65.69
90.17 92.05
30.37 20.60
25.19 70.60
27.43 3.95
7.70 80.08
63.79 31.39
12.52 83.86
11.24 10.22
56.30 6.12
55.83 89.21
82.32 35.24
35.30 13.04
51.11 48.31
50.68 74.97
97.96 52.00
91.42 35.90
14.34 12.97
27.45 24.95
85.12 30.24
35.27 32.39
74.16 65.66
56.14 45.90
88.38 80.21
80.99 7.03
13.01 58.56
9.39 37.06
49.67 24.95
79.04 0.21
59.16 94.26
28.01 19.35
36.05 6.14
20.43 67.73
61.53 7.42
25.35 73.20
27.75 47.72
24.20 9.27
52.45 31.92
85.67 49.69
10.96 26.64
12.79 19.09
98.21 26.01
44.14 90.30
92.40 35.40
19.89 0.97
77.63 10.69
94.87 64.57
35.61 24.00
92.34 23.97
14.52 15.17
59.05 65.60
51.24 10.46
13.81 19.29
21.20 52.53
57.88 52.76
59.86 21.64
10.10 28.73
57.58 97.99
62.72 67.55
70.43 13.41
71.71 11.08
56.53 40.23
5.27 58.23
1.86 82.63
30.27 51.10
81.88 86.21
71.18 94.53
4.94 52.30
56.82 13.90
46.43 11.43
75.28 84.95
82.83 93.12
26.44 18.89
51.83 57.32
37.06 62.66
22.55 79.83
98.41 99.26
50.18 35.77
54.80 57.05
63.50 5.47
1.18 40.88
48.81 25.43
18.30 72.24
89.43 53.49
66.75 45.19
53.80 2.75
9.60 12.90
34.20 60.05
3.79 73.18
1.37 41.65
8.35 78.60
11.10 29.65
80.08 45.59
10.98 60.42
63.70 37.59
17.42 62.35
22.12 24.11
26.26 75.63
98.58 75.46
28.77 23.71
7.21 65.86
39.40 58.60
1.90 67.73
19.49 15.46
17.29 58.89
69.32 98.93
14.75 65.83
49.58 4.21
46.87 30.79
51.00 87.55
21.49 68.57
50.10 97.20
43.24 76.87
1.85 17.52
34.81 73.05
25.93 35.99
30.27 56.97
3.63 93.59
62.49 28.08
40.06 81.84
64.46 43.92
78.48 59.62
36.03 11.65
2.72 91.27
17.42 19.26
14.33 0.76
59.30 55.51
88.50 28.01
47.83 58.92
33.56 14.39
19.07 98.39
79.71 65.14
38.09 10.90
44.97 60.31
70.97 37.08
3.83 72.71
14.32 24.53
66.69 19.80
48.90 95.48
58.76 25.00
60.45 48.36
43.14 38.52
77.52 51.46
10.77 91.51
24.60 58.34
39.08 39.75
12.73 76.98
95.47 87.71
49.00 93.03
66.21 66.18
48.55 74.63
69.91 47.98
2.97 80.63
59.14 85.80
44.00 16.62
57.13 69.00
33.17 83.77
11.56 32.60
1.19 46.24
1.65 98.50
95.39 63.85
78.81 77.37
63.38 54.20
74.40 71.31
3.71 69.35
40.57 56.56
68.74 40.50
37.91 69.34
10.33 65.10
23.77 18.82
64.30 11.13
43.85 50.22
98.21 2.53
8.82 97.31
69.28 49.55
69.36 33.85
87.48 47.85
45.15 21.24
26.30 12.19
24.28 57.61
59.10 44.89
73.23 42.42
18.98 54.30
97.03 44.86
38.70 14.49
5.12 90.29
66.67 34.95
33.06 52.74
68.29 26.96
39.15 29.54
17.70 35.53
45.67 56.52
88.96 11.07
73.21 75.61
70.70 25.29
76.37 90.06
22.13 69.99
39.80 34.24
28.32 44.73
4.63 56.71
34.26 93.70
1.20 64.94
32.63 36.15
17.81 24.02
72.30 90.75
94.14 64.08
79.33 42.84
13.54 44.20
65.66 27.17
85.48 27.28
79.69 87.65
30.12 30.82
5.21 50.96
47.87 35.77
5.79 88.05
41.59 33.45
37.88 40.56
14.32 34.68
29.95 71.93
70.02 40.92
44.55 72.84
97.40 18.30
73.30 57.62
34.80 76.33
44.22 53.52
19.49 56.32
88.71 30.23
74.57 16.12
64.57 77.80
20.10 61.02
91.31 24.97
95.35 22.35
78.93 31.95
34.18 1.68
6.38 2.37
29.77 99.04
69.45 91.25
98.29 19.80
98.72 47.49
67.15 23.38
56.73 3.49
44.73 42.34
2.48 3.83
11.55 0.93
51.18 85.79
21.83 51.18
4.81 60.68
76.86 0.13
19.88 62.35
20.84 61.38
95.92 41.31
71.37 95.75
47.54 36.92
22.81 61.77
40.95 82.92
74.81 85.28
40.70 91.07
28.83 58.21
11.97 23.73
4.84 25.00
76.79 93.89
22.76 40.74
7.80 20.24
48.29 62.24
73.29 65.28
11.03 8.73
57.21 5.47
65.00 47.12
57.16 1.47
39.68 92.30
10.00 43.51
17.87 8.35
66.77 86.25
16.02 59.38
88.13 25.05
58.66 8.42
13.96 4.74
90.63 74.41
31.08 93.16
95.32 78.20
95.56 47.22
67.23 31.97
62.82 20.69
32.00 71.00
82.06 15.53
60.33 42.02
57.46 1.01
7.61 57.62
11.03 32.01
76.29 56.16
15.85 52.03
11.50 56.06
85.33 38.59
97.52 24.12
47.05 5.76
82.51 63.92
10.14 70.66
83.92 74.23
9.94 4.97
44.94 76.27
39.13 55.01
0.53 62.54
59.57 47.04
61.86 99.89
38.03 10.34
56.29 79.84
49.27 24.11
70.00 19.21
2.03 54.70
85.93 55.07
52.76 87.24
97.93 9.41
11.98 26.38
70.62 16.55
92.74 23.83
27.58 73.56
6.04 24.17
74.12 77.29
78.81 9.99
66.64 48.37
62.41 20.84
0.74 61.21
39.53 42.18
75.04 67.86
80.61 13.00
58.01 87.33
86.84 48.24
8.56 51.06
46.12 33.51
96.52 22.52
63.92 51.92
54.87 75.28
38.23 66.28
99.26 3.00
2.31 10.42
14.49 90.34
59.61 2.14
58.68 24.36
7.03 9.98
35.65 46.10
15.39 1.74
30.95 6.59
57.22 19.24
77.18 99.36
35.37 67.18
45.87 21.35
56.22 56.02
25.30 84.86
96.59 14.54
36.83 94.30
86.46 16.42
21.50 4.11
82.84 65.86
77.23 48.25
13.76 40.40
39.76 72.09
16.86 9.78
81.64 53.40
68.77 95.20
45.48 83.51
18.68 3.13
73.31 97.11
43.96 22.78
16.24 79.83
30.46 68.87
35.07 5.36
84.63 5.17
99.59 52.81
46.09 79.59
80.14 49.75
91.00 38.49
54.17 10.38
90.21 9.70
57.36 6.25
40.29 18.60
34.02 62.14
85.09 73.14
10.12 71.81
70.72 31.01
56.23 11.79
66.99 46.79
84.93 83.62
36.40 46.04
22.60 35.23
68.81 39.25
16.95 28.31
22.35 1.43
41.52 71.94
56.80 30.04
9.71 53.85
70.58 13.37
31.51 84.94
84.45 37.27
30.30 50.01
21.72 96.29
69.68 6.41
38.71 4.86
81.70 59.07
61.39 55.91
4.84 79.62
31.23 69.09
13.80 21.28
49.98 18.60
43.33 69.48
15.76 72.34
60.68 95.17
89.33 78.61
33.25 3.34
72.03 11.62
78.24 74.18
6.80 26.40
59.86 8.09
39.00 0.28
18.74 99.64
65.44 60.79
67.21 32.94
91.35 21.65
22.61 48.59
96.03 71.51
24.64 34.45
54.68 66.43
91.96 84.04
33.89 50.25
58.02 15.18
36.23 12.90
75.00 69.37
49.70 76.61
8.95 35.32
66.65 35.54
66.05 28.12
51.33 6.50
26.41 71.58
12.61 33.18
44.28 95.75
68.93 50.79
1.68 0.04
83.56 53.50
72.60 67.60
0.18 84.06
3.51 92.40
70.90 41.51
39.68 26.21
26.52 11.32
67.25 8.34
25.90 7.50
19.38 60.60
46.52 31.06
33.41 7.62
19.26 12.88
77.76 75.49
74.01 49.98
41.90 62.82
0.89 47.73
42.02 47.82
36.45 0.27
35.56 25.62
2.99 43.12
95.73 34.87
99.57 87.08
19.33 38.42
81.80 2.97
6.51 12.67
64.69 36.93
7.33 65.63
96.33 25.96
9.36 66.13
13.61 71.71
91.62 4.15
38.25 19.27
16.30 92.32
32.53 55.91
81.93 7.24
64.90 2.47
64.66 6.46
28.14 7.99
45.59 38.61
4.82 47.80
42.54 93.22
71.82 18.77
18.48 5.85
23.58 65.92
12.77 28.54
59.32 10.78
93.00 24.10
77.35 66.60
37.30 68.22
47.54 83.24
38.53 76.07
49.83 49.55
72.33 34.67
96.14 87.24
49.95 96.03
43.20 13.09
57.64 93.69
20.17 63.37
16.08 90.27
24.62 9.98
21.35 89.21
96.67 81.83
67.08 86.12
60.64 88.84
51.16 91.27
9.89 23.61
24.81 17.31
28.75 98.04
87.28 68.05
1.41 57.87
70.56 88.83
61.35 81.34
69.33 15.75
14.30 22.00
72.83 82.66
0.80 80.60
38.86 74.13
63.49 8.62
58.41 66.12
19.10 96.47
19.09 76.76
44.93 65.89
22.13 90.23
33.41 17.63
93.13 20.77
11.07 45.08
13.75 24.61
18.38 35.66
10.16 71.32
72.67 38.12
40.34 10.14
86.60 11.64
73.37 30.27
39.22 17.79
90.44 3.39
78.40 72.94
17.34 5.57
19.62 35.78
96.97 0.51
1.02 50.94
5.46 17.23
16.89 66.23
37.05 57.38
44.93 87.48
0.07 54.90
10.74 75.00
93.73 56.94
94.27 65.25
3.38 31.78
17.22 62.06
82.45 83.60
80.39 57.67
37.16 41.13
42.52 51.11
5.41 27.93
46.52 96.62
10.27 36.70
24.54 75.48
76.84 59.86
38.69 76.58
74.00 54.22
40.90 32.72
31.63 26.02
96.84 48.86
94.71 46.11
70.86 52.39
60.28 49.56
44.65 18.43
1.86 84.80
2.20 21.88
99.37 98.63
1.06 36.99
80.94 24.07
36.67 46.84
20.72 6.52
68.85 26.39
98.92 56.59
17.16 3.52
59.26 66.75
0.47 36.65
72.89 67.90
59.73 25.83
73.29 79.75
51.60 78.98
5.10 20.51
73.45 50.25
54.28 12.85
18.13 99.66
95.13 79.09
25.18 46.45
7.51 18.25
99.33 5.63
84.51 14.87
35.10 99.48
77.64 2.57
16.76 48.05
6.16 29.70
68.08 49.96
94.35 9.76
59.40 36.05
0.26 42.42
0.36 2.86
24.47 17.24
39.75 23.57
56.30 94.81
86.66 77.28
44.15 34.64
82.53 22.06
83.16 19.86
14.99 41.80
66.70 3.31
62.76 30.82
94.75 1.99
94.05 46.15
47.56 21.59
86.99 25.38
28.04 82.60
23.96 66.19
60.10 4.83
13.35 76.02
72.19 19.14
76.20 17.50
71.85 52.42
76.30 56.40
51.61 17.25
46.32 26.88
2.20 40.58
88.62 44.08
37.00 37.82
32.78 83.29
63.54 60.61
58.79 72.67
44.21 55.70
54.57 35.85
45.57 98.11
19.49 69.55
20.96 54.89
1.26 99.01
55.33 59.34
71.59 17.69
16.96 62.96
60.23 87.93
66.46 77.01
77.63 19.91
7.85 0.47
4.03 50.08
68.78 56.98
76.96 97.98
91.88 86.59
99.47 10.30
33.44 82.92
16.50 83.46
85.11 53.49
38.55 84.31
10.51 61.89
92.49 70.97
93.70 78.50
84.79 22.61
65.31 4.69
46.18 18.71
8.03 63.45
41.46 16.70
13.27 31.89
59.80 39.01
29.23 10.40
7.55 41.79
55.14 46.85
95.81 14.61
17.51 38.24
6.39 89.63
49.15 23.67
40.83 9.60
0.63 40.28
89.68 76.13
55.81 6.74
88.43 84.57
14.90 10.53
75.73 56.18
25.91 80.63
75.73 17.11
74.08 0.17
69.28 85.45
93.32 51.59
37.34 98.94
58.39 25.67
20.06 6.40
17.24 26.99
51.57 55.26
9.99 62.61
41.55 30.50
18.50 95.71
59.34 62.19
76.22 35.71
51.39 50.67
86.76 72.56
26.26 54.28
14.68 83.81
99.78 77.82
81.82 5.21
71.09 17.64
7.68 87.24
36.45 62.88
28.96 72.90
48.15 85.64
70.66 42.38
76.31 32.18
12.83 75.20
19.32 96.94
99.42 43.22
65.33 74.51
27.11 95.75
18.36 56.19
15.91 54.84
83.46 30.68
78.00 62.20
60.19 7.91
8.02 59.99
37.08 7.14
5.01 64.19
76.42 79.04
74.23 42.06
99.16 75.19
21.76 78.26
61.88 45.55
7.00 47.54
56.02 94.17
29.44 40.04
75.14 56.86
68.41 89.36
18.63 64.89
90.42 51.12
28.55 90.63
89.41 63.51
45.05 24.06
61.96 50.07
43.01 97.47
71.99 51.34
12.27 90.32
7.12 28.97
85.98 65.36
64.14 73.40
31.22 95.97
72.07 41.68
14.44 63.24
67.14 73.66
83.61 21.19
78.84 74.60
77.86 59.64
41.52 99.97
25.10 18.36
95.24 53.81
43.04 75.90
85.62 25.50
4.03 0.52
26.61 53.16
23.71 14.39
12.69 28.08
67.98 75.35
12.20 10.99
70.26 65.97
77.45 76.65
15.29 32.45
81.89 54.00
42.91 64.78
96.77 9.45
38.90 59.24
51.51 72.78
66.36 5.27
68.80 2.37
42.84 48.61
44.45 23.08
12.58 34.30
20.24 12.13
84.92 75.27
85.90 49.32
26.69 11.69
69.03 60.47
75.18 96.02
6.38 12.45
91.62 39.57
47.22 69.94
45.10 35.74
0.91 95.38
46.64 87.92
17.93 85.39
11.03 86.50
20.73 12.73
50.91 67.43
58.73 25.64
53.03 3.17
52.79 87.48
28.60 20.01
9.64 86.80
94.08 1.44
21.03 19.47
25.03 62.81
27.68 14.32
43.92 1.38
64.81 11.76
67.64 16.08
33.72 5.22
87.86 41.31
66.73 31.78
14.79 12.08
42.78 34.28
29.48 30.97
68.29 30.34
81.68 66.51
71.36 10.61
99.75 30.38
35.04 90.97
21.95 96.98
4.94 13.40
4.91 46.48
15.77 13.85
18.57 21.03
70.34 85.75
66.56 49.28
0.28 2.39
41.09 22.59
2.09 13.98
23.81 78.11
22.08 73.83
14.00 10.48
96.67 41.74
6.20 56.68
64.16 89.28
21.97 32.89
88.54 20.54
22.20 36.56
5.23 84.60
4.78 62.36
3.23 50.45
92.62 94.17
7.40 37.77
44.45 98.55
98.32 78.58
31.77 45.48
27.38 15.63
97.48 11.84
15.40 55.62
7.42 90.98
20.01 50.79
70.13 17.32
3.02 54.69
48.53 46.26
80.47 81.06
54.03 72.65
61.27 43.70
25.50 68.86
52.95 69.84
0.32 50.92
35.87 41.43
73.76 36.82
65.54 99.81
98.76 3.48
89.41 10.25
11.34 91.44
20.73 13.67
44.60 25.40
4.96 62.02
44.29 70.07
39.96 62.02
82.56 95.81
77.66 64.78
49.27 41.43
80.70 32.27
89.56 18.98
6.52 64.53
39.47 37.34
52.15 16.85
72.97 84.98
23.24 18.53
95.15 53.03
8.01 34.80
28.97 77.54
21.30 9.65
56.12 66.93
88.75 77.33
84.38 21.04
0.63 23.22
34.25 61.40
30.25 32.83
98.52 98.01
17.06 37.09
87.85 7.45
26.34 86.69
36.02 45.88
64.18 86.59
5.33 62.85
74.73 17.45
67.65 88.52
11.01 36.53
27.63 15.66
0.04 6.26
86.60 4.26
65.80 66.46
3.09 81.17
20.08 25.67
74.29 0.89
61.64 58.55
19.46 88.97
6.11 20.26
53.91 14.72
91.50 3.18
85.32 27.87
9.60 38.99
55.10 63.08
75.76 2.58
71.69 31.84
25.91 74.50
49.47 63.63
23.79 96.81
47.70 6.91
19.86 11.36
69.45 34.90
66.43 93.94
87.19 71.28
49.94 47.27
53.45 93.04
71.86 11.88
47.85 91.85
35.60 23.17
1.98 17.29
76.93 50.29
42.78 50.93
25.00 98.77
38.65 11.72
40.29 82.19
73.93 47.64
95.13 64.53
14.31 52.60
83.35 7.83
2.47 63.57
78.22 82.18
39.18 66.03
42.28 77.25
74.91 18.40
71.51 23.19
13.64 95.54
18.58 4.70
20.03 0.52
68.74 25.22
8.33 6.35
40.65 73.10
12.24 21.54
17.95 6.24
55.35 7.20
13.27 13.42
1.38 84.15
7.21 2.83
31.85 19.53
44.13 91.06
90.10 35.58
59.66 27.95
66.97 42.89
64.48 1.08
51.83 45.00
18.18 18.74
7.36 33.69
65.29 30.24
7.05 66.59
56.25 31.58
89.14 90.92
10.53 51.10
72.33 71.20
32.01 88.83
46.87 95.37
89.17 27.63
13.99 63.65
48.93 11.11
61.24 60.37
65.75 40.32
0.50 68.63
74.84 73.64
0.80 91.26
41.95 24.57
55.08 85.29
12.19 54.41
17.67 13.61
78.39 71.51
6.91 55.03
15.91 10.81
43.54 36.05
76.52 54.55
64.09 87.31
11.72 9.71
28.85 5.02
43.91 22.81
53.00 20.12
46.80 47.61
86.80 21.87
13.44 64.98
94.63 72.26
28.40 18.01
59.10 24.16
18.22 35.54
32.08 2.76
56.43 24.23
3.53 67.72
37.30 21.99
71.84 38.82
16.26 90.24
63.00 62.20
24.79 97.60
65.58 68.03
65.66 0.08
13.60 51.98
82.24 15.22
77.96 14.32
54.10 84.37
26.32 44.39
18.74 41.99
61.04 56.71
74.60 20.18
24.69 89.50
0.70 34.98
65.65 31.85
92.72 37.90
6.98 90.23
49.29 13.24
36.07 45.40
14.22 19.94
17.93 8.73
21.23 76.99
81.94 62.74
61.99 61.90
76.04 52.16
72.99 72.21
76.28 68.32
15.00 46.92
27.25 84.19
0.25 91.85
98.55 82.96
84.06 84.28
47.90 31.11
28.67 56.22
31.60 49.75
54.15 4.07
14.26 30.59
79.93 62.18
80.42 88.64
3.68 60.76
87.38 25.94
99.77 45.49
57.23 81.19
45.69 16.05
19.93 62.92
12.19 18.11
9.82 90.14
67.48 62.74
39.93 82.84
6.22 50.94
71.60 98.44
15.30 34.14
50.19 1.31
33.61 20.65
88.83 99.93
26.61 82.13
27.95 27.88
22.19 35.98
52.62 31.08
96.68 68.61
16.89 65.11
0.12 4.89
63.38 98.93
43.70 53.06
8.74 44.07
12.58 4.35
6.39 45.63
61.75 10.55
6.44 60.67
89.57 29.44
36.53 24.39
12.45 56.68
70.78 48.48
78.42 11.13
80.44 73.59
83.09 92.03
37.74 30.85
70.36 53.55
64.76 91.64
64.64 53.69
74.73 69.42
21.10 33.66
21.65 65.33
53.42 7.79
69.18 32.10
42.43 86.55
60.57 54.25
55.70 33.75
94.35 78.85
77.02 65.58
27.97 1.12
9.63 20.15
90.55 11.58
33.54 48.00
16.43 98.11
5.73 20.26
74.46 14.18
92.52 21.66
33.95 51.36
1.42 91.38
57.69 12.00
29.55 89.48
28.85 73.91
12.74 64.47
10.27 38.43
3.19 59.56
51.77 25.92
49.20 33.22
78.12 4.03
70.71 82.41
17.84 57.31
48.98 16.35
22.26 89.64
19.54 23.00
12.16 79.01
68.09 11.64
24.35 80.45
20.31 29.06
61.63 87.62
63.50 90.99
35.56 30.34
12.53 8.19
77.69 69.33
25.86 40.92
74.78 88.58
22.60 61.17
54.66 55.70
44.55 45.72
65.56 35.38
65.29 68.63
39.08 26.45
66.93 26.87
27.02 90.49
26.78 50.95
48.43 8.72
11.42 84.92
75.77 86.02
75.67 19.89
28.52 55.61
70.26 16.28
49.56 1.65
44.94 26.61
64.89 44.25
21.48 20.14
29.56 74.70
7.93 89.04
77.52 53.26
90.35 7.90
56.65 6.52
76.07 66.43
20.36 98.10
83.46 8.89
31.11 9.87
22.94 2.55
68.66 18.10
53.52 34.11
59.98 52.58
8.56 3.60
28.13 66.08
15.37 53.13
55.63 48.46
2.25 52.63
21.15 66.58
98.91 88.87
81.97 38.22
27.31 14.00
77.82 81.12
13.13 82.67
73.36 17.65
44.35 85.08
31.80 82.34
8.68 43.28
96.69 34.43
16.25 27.27
93.27 1.12
2.29 87.64
35.20 64.28
56.51 65.71
15.97 65.67
59.72 50.34
87.84 34.31
82.34 25.39
45.85 47.63
57.49 61.69
68.99 98.08
0.27 95.85
76.25 65.99
9.25 39.08
0.40 68.55
41.20 70.66
78.46 49.11
64.89 57.68
92.83 2.71
83.25 61.80
4.95 58.95
63.44 2.33
53.88 16.47
58.04 59.59
63.42 7.29
24.76 30.84
0.64 23.56
10.81 84.25
46.57 51.23
90.69 90.86
27.99 76.94
16.30 61.68
71.14 29.66
64.69 43.64
86.20 17.26
54.72 95.40
44.96 30.01
7.25 73.53
3.53 7.03
3.28 96.49
66.44 6.60
19.03 76.76
1.04 39.46
11.08 26.82
39.64 40.05
1.22 14.39
86.43 37.59
61.79 93.85
83.40 71.50
3.69 27.69
78.44 28.19
68.92 48.16
62.16 71.57
1.16 66.77
37.97 39.65
37.36 15.56
60.11 67.22
50.94 49.44
63.70 2.48
23.55 38.04
93.95 26.61
78.69 44.15
43.46 84.52
12.95 15.58
13.55 78.54
73.49 38.39
65.79 1.01
72.81 67.39
7.35 23.86
72.45 3.54
8.51 20.98
39.22 61.82
18.92 64.61
54.64 28.33
15.26 70.00
30.39 42.64
89.58 14.19
1.42 44.05
72.31 80.04
20.10 40.87
12.23 36.13
78.49 50.69
77.59 57.24
39.10 27.55
45.26 91.62
61.20 34.83
10.24 41.35
47.51 62.87
86.62 77.08
43.19 11.58
32.45 0.00
11.84 75.58
3.55 81.27
26.60 96.73
51.59 59.43
20.91 38.59
16.33 77.17
57.32 13.63
76.34 19.04
44.85 24.08
92.93 16.36
86.36 30.30
88.37 91.71
71.27 84.24
3.93 92.06
53.13 71.44
35.82 6.50
97.10 54.37
9.88 15.45
90.33 58.93
20.76 69.33
85.07 70.91
15.04 26.69
72.15 50.34
74.59 19.93
37.48 51.95
25.94 87.12
73.47 78.35
21.23 19.01
79.21 1.69
53.17 16.85
16.87 81.90
68.33 87.16
68.80 89.82
51.84 79.53
24.51 33.74
97.01 84.71
52.66 99.51
11.48 74.21
8.66 2.66
1.06 38.72
68.76 99.40
72.23 57.43
16.19 24.51
92.58 43.19
27.43 45.85
85.95 23.20
1.05 80.33
6.07 12.64
86.24 64.56
58.95 90.07
12.27 26.07
58.34 25.79
51.12 51.66
61.09 1.41
3.73 14.18
6.88 93.23
88.53 9.54
28.99 45.27
14.77 77.66
46.96 23.20
59.35 40.65
50.83 2.71
68.14 61.21
85.91 81.89
51.40 9.88
68.42 94.19
15.61 4.14
15.88 79.54
22.93 92.56
77.88 26.77
0.79 47.23
87.00 18.91
78.62 63.41
62.70 88.49
65.29 76.11
6.71 63.27
88.82 37.20
65.63 83.78
59.52 10.05
50.17 77.55
81.33 84.26
48.32 92.77
75.41 20.99
30.82 78.20
14.88 42.30
0.48 16.29
11.46 38.20
58.79 34.88
35.93 79.99
53.77 61.73
42.70 49.23
82.62 51.34
61.68 79.91
89.81 14.65
12.37 14.14
46.62 10.58
80.43 56.41
74.42 61.90
73.02 93.03
52.85 10.02
71.86 58.88
19.86 0.45
26.20 25.26
0.39 71.63
72.36 5.41
7.23 59.48
0.86 83.49
7.90 3.64
11.13 12.70
79.76 8.04
42.78 7.15
56.13 64.90
12.77 60.65
81.02 14.44
24.05 10.74
37.07 63.86
98.43 10.53
30.16 1.89
14.38 9.93
67.74 49.54
59.52 51.46
25.08 68.36
34.07 28.74
31.90 9.37
85.40 0.44
61.16 68.83
18.03 41.49
92.70 35.79
85.17 86.20
54.78 10.81
39.95 94.03
71.74 67.66
86.51 75.74
60.93 7.73
13.52 78.52
32.92 28.07
84.05 40.12
23.25 39.51
98.58 36.58
9.42 24.45
47.78 62.89
28.98 94.07
56.60 26.67
3.45 19.17
91.77 32.47
96.26 65.15
38.69 26.19
95.18 39.24
43.06 15.54
0.22 24.93
95.37 53.03
18.07 94.97
19.94 75.95
86.93 88.51
46.47 5.00
17.66 94.72
76.59 30.06
47.45 45.26
28.16 35.58
85.59 39.28
86.42 36.85
30.64 22.20
34.14 92.25
89.53 63.18
34.72 56.58
60.77 41.90
27.55 12.60
50.81 10.95
83.93 29.12
53.64 78.50
81.01 33.76
5.35 77.39
54.47 42.19
77.78 76.09
98.25 42.85
52.47 48.68
93.36 46.91
97.06 35.78
19.01 79.02
31.69 96.99
98.52 52.70
52.25 5.26
1.16 27.36
19.53 20.43
24.72 96.99
47.15 81.70
29.02 13.67
71.28 85.64
62.14 49.75
95.07 60.09
38.93 69.53
67.53 55.93
41.15 92.84
59.28 51.91
81.85 36.65
14.69 98.83
3.51 23.33
70.58 60.07
41.57 96.94
73.44 96.12
33.76 42.51
15.85 17.89
96.16 37.29
92.02 77.96
12.32 41.15
26.78 7.56
18.13 10.74
55.02 97.92
28.74 42.70
22.64 8.74
17.79 72.43
37.02 10.54
6.09 25.84
64.01 9.59
42.30 84.28
84.13 11.38
89.85 38.89
22.06 43.62
39.32 71.25
4.91 24.20
88.12 59.67
58.91 93.32
38.01 35.67
72.29 12.15
14.79 47.13
61.80 8.91
17.79 84.68
74.91 2.27
33.06 17.10
22.37 83.20
75.75 81.78
39.36 50.93
31.47 14.20
52.75 35.29
66.58 73.24
35.81 22.50
49.31 14.18
85.12 67.36
13.52 4.57
54.47 75.19
0.64 94.70
48.35 2.58
79.37 73.47
65.40 0.20
43.21 2.63
4.78 13.12
37.83 28.25
76.98 44.77
39.82 17.49
91.83 33.78
54.18 58.06
32.96 99.36
81.41 68.44
85.35 88.79
49.24 7.11
69.78 53.53
91.98 28.85
95.50 21.35
23.57 85.29
23.29 75.76
10.40 15.17
11.97 40.73
31.03 36.57
95.61 6.58
83.45 41.96
81.78 72.13
